0.01,0.00,0.0,0.00,0.0,0.000,-2.179,-2.872,-3.500,false,0.000,0.000,0.000,0.000,0.000,0.000,0.000,0.000,-0.001,0.000,0.000,120.000
0.02,0.00,0.6019661400519297,0.00,0.4950982925188063,0.000,-2.173,-2.873,-3.500,false,0.000,0.000,0.000,0.000,0.006,0.000,-0.000,-0.000,-0.001,0.010,1.200,120.000
0.03,0.00,1.2045474542792913,0.00,0.990529258591535,0.000,-2.166,-2.874,-3.496,false,0.000,0.000,0.000,0.000,0.024,0.000,-0.001,-0.000,-0.001,0.020,2.400,120.000
0.04,0.00,1.808005821006982,0.00,1.4863368920376419,0.000,-2.157,-2.876,-3.487,false,0.000,0.000,0.000,0.000,0.054,0.000,-0.002,-0.000,-0.001,0.030,3.600,120.000
0.05,0.00,2.4126008643607797,0.00,1.9825647030917695,0.000,-2.146,-2.879,-3.474,false,0.000,0.000,0.000,0.000,0.096,0.000,-0.004,-0.000,-0.001,0.040,4.800,120.000
0.060000000000000005,0.00,3.018589098994125,0.00,2.479255810813713,0.000,-2.134,-2.883,-3.457,false,0.000,0.000,0.000,0.000,0.150,0.000,-0.006,-0.000,-0.001,0.050,6.000,120.000
0.07,0.00,3.6262230805807336,0.00,2.9764530391747472,0.000,-2.120,-2.888,-3.434,false,0.000,0.000,0.000,0.000,0.216,0.000,-0.008,-0.000,-0.001,0.060,7.200,120.000
0.08,0.00,4.23575056330168,0.00,3.4741990166665677,0.000,-2.105,-2.894,-3.408,false,0.000,0.000,0.000,0.000,0.294,0.000,-0.011,-0.000,-0.001,0.070,8.400,120.000
0.09,0.00,4.847413665460278,0.00,3.972536279174953,0.000,-2.088,-2.900,-3.376,false,0.000,0.000,0.000,0.000,0.384,0.000,-0.015,-0.000,-0.001,0.080,9.600,120.000
0.09999999999999999,0.00,5.4614480442460245,0.00,4.471507375738346,0.000,-2.070,-2.908,-3.340,false,0.000,0.000,0.000,0.000,0.486,0.000,-0.018,-0.000,-0.001,0.090,10.800,120.000
0.10999999999999999,0.00,6.078082080541169,0.00,4.971154976675173,0.000,-2.051,-2.916,-3.299,false,0.000,0.000,0.000,0.000,0.600,0.000,-0.023,-0.000,-0.001,0.100,12.000,120.000
0.11999999999999998,0.00,6.697536074524693,0.00,5.471521983412572,0.000,-2.030,-2.925,-3.253,false,0.000,0.000,0.000,0.000,0.726,0.000,-0.028,-0.000,-0.001,0.110,13.200,120.000
0.12999999999999998,0.00,7.3200214526797085,0.00,5.9726516391885225,0.000,-2.008,-2.935,-3.202,false,0.000,0.000,0.000,0.000,0.864,-0.000,-0.033,-0.001,-0.001,0.120,14.400,120.000
0.13999999999999999,0.00,7.945739986656997,0.00,6.474587639629499,0.000,-1.984,-2.945,-3.146,false,0.000,0.000,0.000,0.000,1.014,-0.000,-0.038,-0.001,-0.001,0.130,15.600,120.000
0.15,0.00,8.57488302429277,0.00,6.977374242030067,0.000,-1.959,-2.956,-3.085,false,0.000,0.000,0.000,0.000,1.176,-0.000,-0.045,-0.001,-0.001,0.140,16.800,120.000
0.16,0.00,9.20763073292649,0.00,7.48105637198423,0.000,-1.932,-2.968,-3.018,false,0.000,0.000,0.000,0.000,1.350,-0.000,-0.051,-0.001,-0.001,0.150,18.000,120.000
0.17,0.00,9.844151355021255,0.00,7.985679725840423,0.000,-1.905,-2.980,-2.946,false,0.000,0.000,0.000,0.000,1.536,-0.000,-0.058,-0.001,-0.001,0.160,19.200,120.000
0.18000000000000002,0.00,10.484600475957086,0.00,8.491290867280707,0.000,-1.876,-2.993,-2.869,false,0.000,0.000,0.000,0.000,1.734,-0.001,-0.066,-0.001,-0.001,0.170,20.400,120.000
0.19000000000000003,0.00,11.129120303754586,0.00,8.997937316159009,0.000,-1.846,-3.006,-2.785,false,0.000,0.000,0.000,0.000,1.944,-0.001,-0.074,-0.001,-0.001,0.180,21.600,120.000
0.20000000000000004,0.00,11.778274585690864,0.00,9.505034292754692,0.000,-1.815,-3.020,-2.707,false,0.000,0.000,0.000,0.000,2.166,-0.001,-0.093,-0.001,-0.001,0.190,22.800,120.000
0.21000000000000005,0.00,12.431991289014784,0.00,10.012932183205171,0.000,-1.782,-3.034,-2.627,false,0.000,0.000,0.000,0.000,2.400,-0.001,-0.117,-0.001,-0.001,0.200,24.000,120.000
0.22000000000000006,0.00,13.090241407491412,0.00,10.521882792681252,0.000,-1.749,-3.048,-2.542,false,0.000,0.000,0.000,0.000,2.646,-0.002,-0.143,-0.002,-0.001,0.210,25.200,120.000
0.23000000000000007,0.00,13.753118388954455,0.00,11.031934658570178,0.000,-1.715,-3.063,-2.451,false,0.000,0.000,0.000,0.000,2.904,-0.003,-0.170,-0.002,-0.001,0.220,26.400,120.000
0.24000000000000007,0.00,14.420699745248088,0.00,11.543138011877753,0.000,-1.679,-3.078,-2.354,false,0.000,0.000,0.000,0.000,3.174,-0.003,-0.198,-0.002,-0.001,0.230,27.600,120.000
0.25000000000000006,0.00,15.093046448882797,0.00,12.055544798955383,0.000,-1.643,-3.093,-2.252,false,0.000,0.000,0.000,0.000,3.456,-0.004,-0.227,-0.002,-0.001,0.240,28.800,120.000
0.26000000000000006,0.00,15.770202339522402,0.00,12.569208678804488,0.000,-1.605,-3.108,-2.143,false,0.000,0.000,0.000,0.000,3.750,-0.005,-0.257,-0.002,-0.001,0.250,30.000,120.000
0.2700000000000001,0.00,16.452484044985173,0.00,13.08383192088385,0.000,-1.567,-3.123,-2.032,false,0.000,0.000,0.000,0.000,4.056,-0.007,-0.293,-0.002,-0.001,0.260,31.200,120.000
0.2800000000000001,0.00,17.14107151362104,0.00,13.598082684707995,0.000,-1.528,-3.139,-1.930,false,0.000,0.000,0.000,0.000,4.374,-0.008,-0.345,-0.003,-0.001,0.270,32.400,120.000
0.2900000000000001,0.00,17.834729217101486,0.00,14.11355931087963,0.000,-1.488,-3.154,-1.823,false,0.000,0.000,0.000,0.000,4.704,-0.011,-0.400,-0.003,-0.001,0.280,33.600,120.000
0.3000000000000001,0.00,18.533443554319092,0.00,14.630320882948277,0.000,-1.447,-3.168,-1.709,false,0.000,0.000,0.000,0.000,5.046,-0.013,-0.457,-0.003,-0.001,0.290,34.800,120.000
0.3100000000000001,0.00,19.23718191726588,0.00,15.148428516825813,0.000,-1.406,-3.183,-1.589,false,0.000,0.000,0.000,0.000,5.400,-0.016,-0.516,-0.003,-0.001,0.300,36.000,120.000
0.3200000000000001,0.00,19.94589219267517,0.00,15.667945186991343,0.000,-1.364,-3.197,-1.463,false,0.000,0.000,0.000,0.000,5.766,-0.019,-0.577,-0.003,-0.001,0.310,37.200,120.000
0.3300000000000001,0.00,20.660737436880137,0.00,16.187574148179525,0.000,-1.322,-3.211,-1.339,false,0.000,0.000,0.000,0.000,6.144,-0.023,-0.649,-0.004,-0.001,0.320,38.400,120.000
0.34000000000000014,0.00,21.38269510184128,0.00,16.706276421093417,0.000,-1.278,-3.224,-1.223,false,0.000,0.000,0.000,0.000,6.534,-0.028,-0.738,-0.004,-0.001,0.330,39.600,120.000
0.35000000000000014,0.00,22.10972981316802,0.00,17.22631050379019,0.000,-1.235,-3.237,-1.101,false,0.000,0.000,0.000,0.000,6.936,-0.033,-0.830,-0.004,-0.001,0.340,40.800,120.000
0.36000000000000015,0.00,22.84172796929118,0.00,17.747748077934165,0.000,-1.191,-3.249,-0.973,false,0.000,0.000,0.000,0.000,7.350,-0.040,-0.925,-0.004,-0.001,0.350,42.000,120.000
0.37000000000000016,0.00,23.578555030884942,0.00,18.270662307558016,0.000,-1.146,-3.260,-0.837,false,0.000,0.000,0.000,0.000,7.776,-0.047,-1.023,-0.004,-0.001,0.360,43.200,120.000
0.38000000000000017,0.00,24.322522712215992,0.00,18.792558591104328,0.000,-1.101,-3.271,-0.707,false,0.000,0.000,0.000,0.000,8.214,-0.055,-1.136,-0.005,-0.001,0.370,44.400,120.000
0.3900000000000002,0.00,25.073981679551878,0.00,19.313076202119394,0.000,-1.056,-3.281,-0.585,false,0.000,0.000,0.000,0.000,8.664,-0.064,-1.267,-0.005,-0.001,0.380,45.600,120.000
0.4000000000000002,0.00,25.83024851652059,0.00,19.83496583623069,0.000,-1.010,-3.289,-0.455,false,0.000,0.000,0.000,0.000,9.125,-0.075,-1.401,-0.005,-0.001,0.390,46.800,120.000
0.4100000000000002,0.00,26.59108890214116,0.00,20.358346056898753,0.000,-0.964,-3.297,-0.318,false,0.000,0.000,0.000,0.000,9.599,-0.087,-1.538,-0.005,-0.001,0.400,48.000,120.000
0.4200000000000002,0.00,27.357473381774856,0.00,20.882102206078663,0.000,-0.918,-3.304,-0.178,false,0.000,0.000,0.000,0.000,10.085,-0.100,-1.684,-0.006,-0.001,0.410,49.200,120.000
0.4300000000000002,0.00,28.133872710874492,0.00,21.401668554694382,0.000,-0.872,-3.309,-0.054,false,0.000,0.000,0.000,0.000,10.583,-0.116,-1.857,-0.006,-0.001,0.420,50.400,120.000
0.4400000000000002,0.00,28.914705983625407,0.00,21.922622991654844,0.000,-0.826,-3.314,0.077,false,0.000,0.000,0.000,0.000,11.093,-0.133,-2.034,-0.006,-0.001,0.430,51.600,120.000
0.45000000000000023,0.00,29.699704705876417,0.00,22.445060212470462,0.000,-0.780,-3.317,0.216,false,0.000,0.000,0.000,0.000,11.614,-0.152,-2.215,-0.006,-0.001,0.440,52.800,120.000
0.46000000000000024,0.00,30.490990558266592,0.00,22.96672151262437,0.000,-0.733,-3.318,0.355,false,0.000,0.000,0.000,0.000,12.148,-0.173,-2.409,-0.007,-0.001,0.450,54.000,120.000
0.47000000000000025,0.00,31.292558928176035,0.00,23.483628077776423,0.000,-0.687,-3.319,0.479,false,0.000,0.000,0.000,0.000,12.693,-0.197,-2.630,-0.007,-0.001,0.460,55.200,120.000
0.48000000000000026,0.00,32.09797648375572,0.00,24.001984981826933,0.000,-0.641,-3.317,0.611,false,0.000,0.000,0.000,0.000,13.251,-0.224,-2.855,-0.007,-0.000,0.470,56.400,120.000
0.49000000000000027,0.00,32.90694658267688,0.00,24.521852028647867,0.000,-0.595,-3.314,0.752,false,0.000,0.000,0.000,0.000,13.820,-0.253,-3.085,-0.007,-0.000,0.480,57.600,120.000
0.5000000000000002,0.00,33.726800572941066,0.00,25.036045441300253,0.000,-0.549,-3.310,0.877,false,0.000,0.000,0.000,0.000,14.401,-0.286,-3.344,-0.008,-0.000,0.490,58.800,120.000
0.5100000000000002,0.00,34.553481026236454,0.00,25.54840397415949,0.000,-0.504,-3.304,1.001,false,0.000,0.000,0.000,0.000,14.994,-0.322,-3.618,-0.008,-0.000,0.500,60.000,120.000
0.5200000000000002,0.00,35.38328726062846,0.00,26.062250167181656,0.000,-0.458,-3.296,1.133,false,0.000,0.000,0.000,0.000,15.599,-0.361,-3.898,-0.008,-0.000,0.510,61.200,120.000
0.5300000000000002,0.00,36.22028080624206,0.00,26.573547393435156,0.000,-0.413,-3.286,1.262,false,0.000,0.000,0.000,0.000,16.215,-0.405,-4.197,-0.009,-0.000,0.520,62.400,120.000
0.5400000000000003,0.00,37.068127000791485,0.00,27.078792815529972,0.000,-0.369,-3.274,1.376,false,0.000,0.000,0.000,0.000,16.843,-0.453,-4.524,-0.009,-0.000,0.530,63.600,120.000
0.5500000000000003,0.00,37.91856663102058,0.00,27.585519239804732,0.000,-0.325,-3.261,1.500,false,0.000,0.000,0.000,0.000,17.483,-0.505,-4.858,-0.009,-0.000,0.540,64.800,120.000
0.5600000000000003,0.00,38.77408733725697,0.00,28.09117415613049,0.000,-0.281,-3.245,1.625,false,0.000,0.000,0.000,0.000,18.135,-0.562,-5.206,-0.010,-0.000,0.550,66.000,120.000
0.5700000000000003,0.00,39.64188424444833,0.00,28.58908250890381,0.000,-0.238,-3.228,1.732,false,0.000,0.000,0.000,0.000,18.798,-0.625,-5.588,-0.010,-0.000,0.560,67.200,120.000
0.5800000000000003,0.00,40.51157652383992,0.00,29.088505451982456,0.000,-0.195,-3.208,1.849,false,0.000,0.000,0.000,0.000,19.472,-0.693,-5.978,-0.010,-0.000,0.570,68.400,120.000
0.5900000000000003,0.00,41.38615769232762,0.00,29.586485393235765,0.000,-0.153,-3.187,1.965,false,0.000,0.000,0.000,0.000,20.158,-0.767,-6.385,-0.011,-0.000,0.580,69.600,120.000
0.6000000000000003,0.00,42.27196113986365,0.00,30.077278099093785,0.000,-0.111,-3.163,2.064,false,0.000,0.000,0.000,0.000,20.856,-0.848,-6.826,-0.011,-0.000,0.590,70.800,120.000
0.6100000000000003,0.00,43.15880506326158,0.00,30.56962898212358,0.000,-0.070,-3.138,2.173,false,0.000,0.000,0.000,0.000,21.564,-0.935,-7.275,-0.011,-0.000,0.600,72.000,120.000
0.6200000000000003,0.00,44.05170459977594,0.00,31.05897988143886,0.000,-0.030,-3.110,2.276,false,0.000,0.000,0.000,0.000,22.284,-1.030,-7.750,-0.012,-0.000,0.610,73.200,120.000
0.6300000000000003,0.00,44.952050156623635,0.00,31.543962116455724,0.000,0.009,-3.080,2.368,false,0.000,0.000,0.000,0.000,23.015,-1.132,-8.253,-0.012,-0.000,0.620,74.400,120.000
0.6400000000000003,0.00,45.852421482197215,0.00,32.03051883774787,0.000,0.047,-3.048,2.470,false,0.000,0.000,0.000,0.000,23.757,-1.243,-8.765,-0.012,-0.000,0.630,75.600,120.000
0.6500000000000004,0.00,46.75993161036564,0.00,32.51281032087465,0.000,0.085,-3.013,2.554,false,0.000,0.000,0.000,0.000,24.509,-1.363,-9.314,-0.013,-0.000,0.640,76.800,120.000
0.6600000000000004,0.00,47.66941063454866,0.00,32.99458678530305,0.000,0.122,-2.977,2.639,false,0.000,0.000,0.000,0.000,25.272,-1.492,-9.881,-0.013,-0.000,0.650,78.000,120.000
0.6700000000000004,0.00,48.5787270475842,0.00,33.477315284349,0.000,0.157,-2.938,2.729,false,0.000,0.000,0.000,0.000,26.046,-1.630,-10.464,-0.013,-0.000,0.660,79.200,120.000
0.6800000000000004,0.00,49.49138620786818,0.00,33.95865763403565,0.000,0.192,-2.898,2.797,false,0.000,0.000,0.000,0.000,26.830,-1.779,-11.087,-0.014,-0.000,0.670,80.400,120.000
0.6900000000000004,0.00,50.40231825665619,0.00,34.441232034748076,0.000,0.225,-2.855,2.876,false,0.000,0.000,0.000,0.000,27.624,-1.939,-11.719,-0.014,-0.000,0.680,81.600,120.000
0.7000000000000004,0.00,51.31031765709562,0.00,34.927253494626996,0.000,0.257,-2.810,2.941,false,0.000,0.000,0.000,0.000,28.428,-2.111,-12.385,-0.014,-0.000,0.690,82.800,120.000
0.7100000000000004,0.00,52.21558974762504,0.00,35.41516954103796,0.000,0.288,-2.763,3.005,false,0.000,0.000,0.000,0.000,29.241,-2.294,-13.072,-0.015,-0.000,0.700,84.000,120.000
0.7200000000000004,0.00,53.11443766918119,0.00,35.90792863048536,0.000,0.318,-2.714,3.068,false,0.000,0.000,0.000,0.000,30.064,-2.491,-13.779,-0.015,-0.000,0.710,85.200,120.000
0.7300000000000004,0.00,54.001400001059,0.00,36.411241331972946,0.000,0.346,-2.663,3.115,false,0.000,0.000,0.000,0.000,30.896,-2.700,-14.520,-0.015,-0.000,0.720,86.400,120.000
0.7400000000000004,0.00,54.88495602296314,0.00,36.914551042148936,0.000,0.373,-2.610,3.169,false,0.000,0.000,0.000,0.000,31.737,-2.924,-15.271,-0.015,-0.000,0.730,87.600,120.000
0.7500000000000004,0.00,55.74480217094282,0.00,37.438418146812225,0.000,0.398,-2.555,3.209,false,0.000,0.000,0.000,0.000,32.586,-3.162,-16.054,-0.015,-0.000,0.740,88.800,120.000
0.7600000000000005,0.00,56.60019529789477,0.00,37.96201306909585,0.000,0.422,-2.499,3.253,false,0.000,0.000,0.000,0.000,33.444,-3.415,-16.849,-0.016,-0.000,0.750,90.000,120.000
0.7700000000000005,0.00,57.42624872634187,0.00,38.50965306390229,0.000,0.444,-2.440,3.289,false,0.000,0.000,0.000,0.000,34.309,-3.683,-17.667,-0.016,-0.000,0.760,91.200,120.000
0.7800000000000005,0.00,58.23843937734773,0.00,39.06510354011514,0.000,0.464,-2.380,3.321,false,0.000,0.000,0.000,0.000,35.182,-3.968,-18.501,-0.016,-0.000,0.770,92.400,120.000
0.7900000000000005,0.00,59.01977436375935,0.00,39.644081861092666,0.000,0.482,-2.319,3.350,false,0.000,0.000,0.000,0.000,36.062,-4.270,-19.351,-0.016,-0.000,0.780,93.600,120.000
0.8000000000000005,0.00,59.7740651323492,0.00,40.24220672438129,0.000,0.499,-2.256,3.372,false,0.000,0.000,0.000,0.000,36.948,-4.589,-20.215,-0.016,-0.000,0.790,94.800,120.000
0.8100000000000005,0.00,60.49774051566742,0.00,40.86198325441211,0.000,0.513,-2.192,3.392,false,0.000,0.000,0.000,0.000,37.841,-4.925,-21.090,-0.016,0.000,0.800,96.000,120.000
0.8200000000000005,0.00,61.17981037118492,0.00,41.513377074548224,0.000,0.526,-2.127,3.407,false,0.000,0.000,0.000,0.000,38.739,-5.280,-21.974,-0.016,0.000,0.810,97.200,120.000
0.8300000000000005,0.00,61.79152537523852,0.00,42.15758326862283,0.000,0.537,-2.060,3.418,false,0.000,0.000,0.000,0.000,39.643,-5.653,-22.865,-0.016,0.000,0.820,98.337,101.985
0.8400000000000005,0.00,62.27303930234664,0.00,42.7917689190349,0.000,0.545,-1.993,3.426,false,0.000,0.000,0.000,0.000,40.551,-6.044,-23.755,-0.016,0.000,0.830,99.357,101.985
0.8500000000000005,0.00,62.701720886377046,0.00,43.42956404047374,0.000,0.551,-1.925,3.428,false,0.000,0.000,0.000,0.000,41.462,-6.453,-24.646,-0.015,0.000,0.840,100.341,91.125
0.8600000000000005,0.00,63.02214114485593,0.00,44.08290022071286,0.000,0.554,-1.856,3.430,false,0.000,0.000,0.000,0.000,42.374,-6.881,-25.527,-0.015,0.000,0.850,101.252,91.125
0.8700000000000006,0.00,63.29622222846074,0.00,44.74687648682222,0.000,0.555,-1.787,3.423,false,0.000,0.000,0.000,0.000,43.289,-7.326,-26.401,-0.015,0.000,0.860,102.140,84.499
0.8800000000000006,0.00,63.48032373172567,0.00,45.44059249005554,0.000,0.555,-1.718,3.418,false,0.000,0.000,0.000,0.000,44.204,-7.789,-27.256,-0.014,0.000,0.870,102.985,84.499
0.8900000000000006,0.00,63.618400766363806,0.00,46.15476628310035,0.000,0.552,-1.649,3.405,false,0.000,0.000,0.000,0.000,45.119,-8.270,-28.095,-0.014,0.000,0.880,103.816,81.052
0.9000000000000006,0.00,63.68422027718476,0.00,46.90658735747909,0.000,0.548,-1.580,3.392,false,0.000,0.000,0.000,0.000,46.035,-8.768,-28.908,-0.013,0.001,0.890,104.627,81.052
0.9100000000000006,0.00,63.70235123941726,0.00,47.69147749025109,0.000,0.542,-1.511,3.376,false,0.000,0.000,0.000,0.000,46.951,-9.282,-29.692,-0.013,0.001,0.900,105.433,80.236
0.9200000000000006,0.00,63.669566303834365,0.00,48.51279730477143,0.000,0.535,-1.442,3.356,false,0.000,0.000,0.000,0.000,47.867,-9.812,-30.446,-0.012,0.001,0.910,106.236,80.236
0.9300000000000006,0.00,63.5860499083237,0.00,49.37737928131671,0.000,0.526,-1.374,3.338,false,0.000,0.000,0.000,0.000,48.782,-10.359,-31.158,-0.011,0.001,0.920,107.040,80.588
0.9400000000000006,0.00,63.474362522872035,0.00,50.26510449311676,0.000,0.515,-1.306,3.303,false,0.000,0.000,0.000,0.000,49.698,-10.921,-31.843,-0.011,0.001,0.930,107.846,80.588
0.9500000000000006,0.00,63.302971249356425,0.00,51.21010293657245,0.000,0.504,-1.239,3.283,false,0.000,0.000,0.000,0.000,50.614,-11.498,-32.469,-0.010,0.001,0.940,108.658,81.479
0.9600000000000006,0.00,63.12424835383859,0.00,52.16213326897749,0.000,0.491,-1.173,3.232,false,0.000,0.000,0.000,0.000,51.531,-12.088,-33.074,-0.009,0.001,0.950,109.473,81.479
0.9700000000000006,0.00,62.88449524141519,0.00,53.19524346134019,0.000,0.477,-1.108,3.211,false,0.000,0.000,0.000,0.000,52.449,-12.693,-33.596,-0.008,0.001,0.960,110.315,84.556
0.9800000000000006,0.00,62.654180558783764,0.00,54.226629879797294,0.000,0.463,-1.043,3.148,false,0.000,0.000,0.000,0.000,53.368,-13.310,-34.104,-0.007,0.001,0.970,111.165,89.319
0.9900000000000007,0.00,62.37397818020891,0.00,55.34721772235812,0.000,0.448,-0.980,3.120,false,0.000,0.000,0.000,0.000,54.290,-13.940,-34.517,-0.006,0.001,0.980,112.058,89.319
1.0000000000000007,0.00,62.101846234912664,0.00,56.47895657247318,0.000,0.432,-0.918,3.057,false,0.000,0.000,0.000,0.000,55.214,-14.581,-34.902,-0.005,0.001,0.990,112.969,95.374
1.0100000000000007,0.00,61.80705146703676,0.00,57.67602439760004,0.000,0.416,-0.857,3.006,false,0.000,0.000,0.000,0.000,56.142,-15.234,-35.211,-0.004,0.001,1.000,113.922,95.374
1.0200000000000007,0.00,61.50930171877889,0.00,58.9146663364833,0.000,0.400,-0.797,2.946,false,0.000,0.000,0.000,0.000,57.075,-15.896,-35.460,-0.003,0.001,1.010,114.913,102.406
1.0300000000000007,0.00,61.21212539741927,0.00,60.18926978987122,0.000,0.383,-0.738,2.869,false,0.000,0.000,0.000,0.000,58.014,-16.568,-35.656,-0.002,0.001,1.020,115.937,102.406
1.0400000000000007,0.00,60.902019306397726,0.00,61.539511043858575,0.000,0.367,-0.681,2.813,false,0.000,0.000,0.000,0.000,58.959,-17.248,-35.759,-0.001,0.001,1.030,117.023,110.161
1.0500000000000007,0.00,60.58872317500162,0.00,62.881289731002724,0.000,0.350,-0.625,2.716,false,0.000,0.000,0.000,0.000,59.912,-17.936,-35.827,-0.000,0.001,1.040,118.093,73.446
1.0600000000000007,0.00,60.05042153223472,0.00,64.0825363833085,0.000,0.332,-0.571,2.655,false,0.000,0.000,0.000,0.000,60.873,-18.630,-35.782,0.001,0.001,1.050,118.828,73.446
1.0700000000000007,0.00,59.460247937164716,0.00,65.21497245312447,0.000,0.314,-0.518,2.569,false,0.000,0.000,0.000,0.000,61.839,-19.327,-35.684,0.002,0.001,1.060,119.443,43.774
1.0800000000000007,0.00,58.77154906900227,0.00,66.25507531183713,0.000,0.295,-0.467,2.485,false,0.000,0.000,0.000,0.000,62.812,-20.023,-35.504,0.003,0.001,1.070,119.881,43.774
1.0900000000000007,0.00,57.92439228625612,0.00,67.11720160173628,0.000,0.276,-0.419,2.412,false,0.000,0.000,0.000,0.000,63.790,-20.719,-35.234,0.004,0.001,1.080,120.000,0.000
1.1000000000000008,0.00,57.02094119156665,0.00,67.84238256007478,0.000,0.256,-0.372,2.302,false,0.000,0.000,0.000,0.000,64.772,-21.409,-34.924,0.005,0.001,1.090,119.931,-111.687
1.1100000000000008,0.00,55.61884347122515,0.00,67.94443023168942,0.000,0.232,-0.327,2.226,false,0.000,0.000,0.000,0.000,65.753,-22.089,-34.503,0.006,0.001,1.100,118.814,-111.687
1.1200000000000008,0.00,54.26813903290376,0.00,67.97562024098386,0.000,0.209,-0.286,2.121,false,0.000,0.000,0.000,0.000,66.729,-22.756,-34.044,0.007,0.001,1.110,117.666,-120.000
1.1300000000000008,0.00,52.94406607252302,0.00,67.93514034933133,0.000,0.188,-0.246,2.018,false,0.000,0.000,0.000,0.000,67.702,-23.407,-33.520,0.008,0.001,1.120,116.466,-120.000
1.1400000000000008,0.00,51.68786624931599,0.00,67.86337730534666,0.000,0.168,-0.210,1.921,false,0.000,0.000,0.000,0.000,68.671,-24.043,-32.930,0.009,0.001,1.130,115.291,-116.256
1.1500000000000008,0.00,50.498726624634116,0.00,67.74939313539842,0.000,0.150,-0.175,1.797,false,0.000,0.000,0.000,0.000,69.637,-24.662,-32.313,0.010,0.001,1.140,114.128,-116.256
1.1600000000000008,0.00,49.42638461197804,0.00,67.6744308105543,0.000,0.133,-0.143,1.708,false,0.000,0.000,0.000,0.000,70.600,-25.264,-31.612,0.011,0.001,1.150,113.106,-101.265
1.1700000000000008,0.00,48.42861545451176,0.00,67.57195584425376,0.000,0.119,-0.113,1.587,false,0.000,0.000,0.000,0.000,71.562,-25.849,-30.897,0.012,0.001,1.160,112.119,-86.175
1.1800000000000008,0.00,47.54339364663263,0.00,67.49699118294609,0.000,0.106,-0.085,1.490,false,0.000,0.000,0.000,0.000,72.524,-26.416,-30.117,0.012,0.001,1.170,111.257,-86.175
1.1900000000000008,0.00,46.73794606538333,0.00,67.40892730244119,0.000,0.094,-0.060,1.378,false,0.000,0.000,0.000,0.000,73.487,-26.966,-29.316,0.013,0.001,1.180,110.452,-71.034
1.2000000000000008,0.00,46.02883025847641,0.00,67.33180592742904,0.000,0.084,-0.036,1.273,false,0.000,0.000,0.000,0.000,74.450,-27.498,-28.474,0.014,0.001,1.190,109.742,-71.034
1.2100000000000009,0.00,45.41271463638606,0.00,67.25525291160955,0.000,0.076,-0.015,1.168,false,0.000,0.000,0.000,0.000,75.416,-28.013,-27.603,0.014,0.000,1.200,109.115,-55.935
1.2200000000000009,0.00,44.87273586801995,0.00,67.17947309015071,0.000,0.068,0.005,1.061,false,0.000,0.000,0.000,0.000,76.384,-28.510,-26.710,0.015,0.000,1.210,108.556,-55.935
1.2300000000000009,0.00,44.44165233404915,0.00,67.11186134179584,0.000,0.062,0.023,0.962,false,0.000,0.000,0.000,0.000,77.355,-28.989,-25.787,0.015,0.000,1.220,108.104,-41.010
1.2400000000000009,0.00,44.06364277279319,0.00,67.04010921685065,0.000,0.057,0.039,0.857,false,0.000,0.000,0.000,0.000,78.331,-29.451,-24.854,0.015,0.000,1.230,107.694,-41.010
1.2500000000000009,0.00,43.816958961981086,0.00,66.97985162643612,0.000,0.053,0.053,0.764,false,0.000,0.000,0.000,0.000,79.310,-29.895,-23.893,0.016,0.000,1.240,107.417,-25.752
1.260000000000001,0.00,43.60018996382756,0.00,66.91513410805503,0.000,0.050,0.065,0.666,false,0.000,0.000,0.000,0.000,80.295,-30.321,-22.931,0.016,0.000,1.250,107.160,-11.712
1.270000000000001,0.00,43.52407536413193,0.00,66.85932994040495,0.000,0.048,0.076,0.577,false,0.000,0.000,0.000,0.000,81.285,-30.730,-21.952,0.016,0.000,1.260,107.043,-11.712
1.280000000000001,0.00,43.47012963568556,0.00,66.80181637041444,0.000,0.046,0.085,0.488,false,0.000,0.000,0.000,0.000,82.280,-31.121,-20.973,0.016,0.000,1.270,106.944,1.365
1.290000000000001,0.00,43.533031708858594,0.00,66.74838332892485,0.000,0.045,0.092,0.402,false,0.000,0.000,0.000,0.000,83.282,-31.496,-19.990,0.016,-0.000,1.280,106.958,1.365
1.300000000000001,0.00,43.62895459310496,0.00,66.69649189474777,0.000,0.044,0.098,0.319,false,0.000,0.000,0.000,0.000,84.290,-31.853,-19.009,0.016,-0.000,1.290,107.004,13.473
1.310000000000001,0.00,43.81770582906975,0.00,66.64671227367349,0.000,0.044,0.103,0.239,false,0.000,0.000,0.000,0.000,85.306,-32.193,-18.033,0.016,-0.000,1.300,107.139,13.473
1.320000000000001,0.00,44.0502731001789,0.00,66.5992272691229,0.000,0.044,0.106,0.163,false,0.000,0.000,0.000,0.000,86.328,-32.516,-17.063,0.016,-0.000,1.310,107.318,24.481
1.330000000000001,0.00,44.35098834510195,0.00,66.55401917702721,0.000,0.045,0.108,0.091,false,0.000,0.000,0.000,0.000,87.358,-32.822,-16.102,0.015,-0.000,1.320,107.563,24.481
1.340000000000001,0.00,44.695151537018724,0.00,66.49953106699657,0.000,0.045,0.108,0.022,false,0.000,0.000,0.000,0.000,88.395,-33.112,-15.154,0.015,-0.000,1.330,107.841,30.615
1.350000000000001,0.00,45.073794825631246,0.00,66.44026217380798,0.000,0.046,0.107,-0.039,false,0.000,0.000,0.000,0.000,89.440,-33.386,-14.216,0.015,-0.000,1.340,108.147,30.615
1.360000000000001,0.00,45.493166713171775,0.00,66.33944643904432,0.000,0.047,0.105,-0.104,false,0.000,0.000,0.000,0.000,90.492,-33.643,-13.303,0.015,-0.000,1.350,108.453,30.627
1.370000000000001,0.00,45.921872996318946,0.00,66.22847140723776,0.000,0.047,0.102,-0.155,false,0.000,0.000,0.000,0.000,91.550,-33.885,-12.399,0.014,-0.000,1.360,108.759,30.627
1.380000000000001,0.00,46.398319048921266,0.00,66.08148889844317,0.000,0.048,0.098,-0.218,false,0.000,0.000,0.000,0.000,92.616,-34.110,-11.532,0.014,-0.000,1.370,109.078,32.062
1.390000000000001,0.00,46.86950623089806,0.00,65.9416644431889,0.000,0.048,0.093,-0.256,false,0.000,0.000,0.000,0.000,93.688,-34.320,-10.669,0.013,-0.000,1.380,109.399,34.428
1.400000000000001,0.00,47.39628930660914,0.00,65.76983552349216,0.000,0.048,0.087,-0.315,false,0.000,0.000,0.000,0.000,94.766,-34.515,-9.854,0.013,-0.000,1.390,109.743,34.428
1.410000000000001,0.00,47.91678023381479,0.00,65.60927359243063,0.000,0.048,0.080,-0.349,false,0.000,0.000,0.000,0.000,95.851,-34.695,-9.047,0.012,-0.000,1.400,110.093,37.357
1.420000000000001,0.00,48.47628652414326,0.00,65.43390618339514,0.000,0.048,0.073,-0.395,false,0.000,0.000,0.000,0.000,96.941,-34.861,-8.282,0.012,-0.000,1.410,110.466,37.357
1.430000000000001,0.00,49.04101333069691,0.00,65.26516183564344,0.000,0.048,0.065,-0.426,false,0.000,0.000,0.000,0.000,98.037,-35.013,-7.536,0.011,-0.000,1.420,110.852,40.574
1.440000000000001,0.00,49.62855707838568,0.00,65.09417795914372,0.000,0.048,0.056,-0.457,false,0.000,0.000,0.000,0.000,99.139,-35.152,-6.824,0.011,-0.000,1.430,111.258,40.574
1.450000000000001,0.00,50.233663468203936,0.00,64.92474733888407,0.000,0.048,0.046,-0.486,false,0.000,0.000,0.000,0.000,100.246,-35.277,-6.145,0.010,-0.000,1.440,111.683,43.884
1.460000000000001,0.00,50.846655667827925,0.00,64.76194617865319,0.000,0.048,0.036,-0.503,false,0.000,0.000,0.000,0.000,101.360,-35.391,-5.489,0.010,-0.000,1.450,112.121,43.884
1.470000000000001,0.00,51.48940892463392,0.00,64.59565542266878,0.000,0.048,0.026,-0.532,false,0.000,0.000,0.000,0.000,102.478,-35.492,-4.881,0.009,-0.000,1.460,112.586,47.166
1.480000000000001,0.00,52.12566679675599,0.00,64.44358956345118,0.000,0.048,0.015,-0.536,false,0.000,0.000,0.000,0.000,103.603,-35.582,-4.284,0.009,-0.000,1.470,113.058,50.351
1.490000000000001,0.00,52.80246960455508,0.00,64.28329760293786,0.000,0.048,0.004,-0.564,false,0.000,0.000,0.000,0.000,104.733,-35.661,-3.748,0.008,-0.000,1.480,113.562,50.351
1.500000000000001,0.00,53.47313442608135,0.00,64.13703129556032,0.000,0.047,-0.007,-0.566,false,0.000,0.000,0.000,0.000,105.869,-35.730,-3.225,0.008,-0.000,1.490,114.073,53.421
1.5100000000000011,0.00,54.169502315850586,0.00,63.98904732823361,0.000,0.047,-0.019,-0.578,false,0.000,0.000,0.000,0.000,107.011,-35.789,-2.748,0.007,-0.001,1.500,114.607,53.421
1.5200000000000011,0.00,54.8759220848811,0.00,63.84645933905475,0.000,0.047,-0.030,-0.580,false,0.000,0.000,0.000,0.000,108.159,-35.839,-2.301,0.006,-0.001,1.510,115.156,56.408
1.5300000000000011,0.00,55.592929855174255,0.00,63.70919554516978,0.000,0.047,-0.042,-0.575,false,0.000,0.000,0.000,0.000,109.313,-35.881,-1.884,0.006,-0.001,1.520,115.720,56.408
1.5400000000000011,0.00,56.342197291943066,0.00,63.563192596490524,0.000,0.046,-0.054,-0.582,false,0.000,0.000,0.000,0.000,110.472,-35.915,-1.519,0.005,-0.001,1.530,116.307,59.377
1.5500000000000012,0.00,57.08973625611198,0.00,63.428306720045356,0.000,0.046,-0.066,-0.566,false,0.000,0.000,0.000,0.000,111.638,-35.942,-1.173,0.005,-0.001,1.540,116.902,62.447
1.5600000000000012,0.00,57.88580098683678,0.00,63.275364801217414,0.000,0.046,-0.077,-0.574,false,0.000,0.000,0.000,0.000,112.810,-35.963,-0.890,0.004,-0.001,1.550,117.527,62.447
1.5700000000000012,0.00,58.68688082724975,0.00,63.1297813069472,0.000,0.046,-0.089,-0.561,false,0.000,0.000,0.000,0.000,113.988,-35.978,-0.631,0.003,-0.001,1.560,118.163,65.751
1.5800000000000012,0.00,59.51883864169762,0.00,62.976615542461495,0.000,0.047,-0.100,-0.550,false,0.000,0.000,0.000,0.000,115.173,-35.989,-0.416,0.003,-0.001,1.570,118.820,65.751
1.5900000000000012,0.00,60.34693459177185,0.00,62.76725309249041,0.000,0.047,-0.111,-0.541,false,0.000,0.000,0.000,0.000,116.364,-35.995,-0.249,0.002,-0.001,1.580,119.421,57.038
1.6000000000000012,0.00,61.15970141110788,0.00,62.54177739089888,0.000,0.046,-0.122,-0.510,false,0.000,0.000,0.000,0.000,117.561,-35.999,-0.107,0.001,-0.001,1.590,119.991,57.038
1.6100000000000012,0.00,61.740639683409015,0.00,61.952253924921706,0.000,0.044,-0.132,-0.515,false,0.000,0.000,0.000,0.000,118.761,-36.000,-0.048,0.001,-0.001,1.600,120.000,0.000
1.6200000000000012,0.00,62.15110290276526,0.00,61.525889395475104,0.000,0.041,-0.142,-0.483,false,0.000,0.000,0.000,0.000,119.961,-36.000,-0.007,0.000,-0.001,1.610,120.000,0.000
1.6300000000000012,0.00,62.25359075975384,0.00,61.409141101423764,0.000,0.039,-0.152,-0.449,false,0.000,0.000,0.000,0.000,121.161,-36.000,-0.002,0.000,-0.000,1.620,120.000,0.000
1.6400000000000012,0.00,62.271132477334476,0.00,61.37849637714164,0.000,0.036,-0.161,-0.409,false,0.000,0.000,0.000,0.000,122.361,-36.000,0.000,0.000,0.000,1.630,120.000,0.000
1.6500000000000012,0.00,62.24496939496203,0.00,61.39240149204565,0.000,0.034,-0.169,-0.368,false,0.000,0.000,0.000,0.000,123.561,-36.000,0.000,0.000,0.000,1.640,120.000,0.000
1.6600000000000013,0.00,62.21957082906452,0.00,61.40622951181435,0.000,0.032,-0.176,-0.329,false,0.000,0.000,0.000,0.000,124.761,-36.000,0.000,0.000,0.000,1.650,120.000,0.000
1.6700000000000013,0.00,62.19492681753059,0.00,61.41994692409924,0.000,0.030,-0.183,-0.292,false,0.000,0.000,0.000,0.000,125.961,-36.000,0.000,0.000,0.000,1.660,120.000,0.000
1.6800000000000013,0.00,62.17102747661457,0.00,61.43352341067005,0.000,0.029,-0.188,-0.256,false,0.000,0.000,0.000,0.000,127.161,-36.000,0.000,0.000,0.000,1.670,120.000,0.000
1.6900000000000013,0.00,62.14786294359967,0.00,61.446931639083644,0.000,0.027,-0.193,-0.222,false,0.000,0.000,0.000,0.000,128.361,-36.000,0.000,0.000,0.000,1.680,120.000,0.000
1.7000000000000013,0.00,62.12542332772835,0.00,61.46014706596972,0.000,0.026,-0.198,-0.190,false,0.000,0.000,0.000,0.000,129.561,-36.000,0.000,0.000,0.000,1.690,120.000,0.000
1.7100000000000013,0.00,62.103698668758334,0.00,61.47314775139545,0.000,0.024,-0.201,-0.160,false,0.000,0.000,0.000,0.000,130.761,-36.000,0.000,0.000,0.000,1.700,120.000,0.000
1.7200000000000013,0.00,62.082678902535335,0.00,61.48591418377472,0.000,0.023,-0.204,-0.131,false,0.000,0.000,0.000,0.000,131.961,-36.000,0.000,0.000,0.000,1.710,120.000,0.000
1.7300000000000013,0.00,62.06235383299245,0.00,61.498429114814556,0.000,0.022,-0.207,-0.104,false,0.000,0.000,0.000,0.000,133.161,-36.000,0.000,0.000,0.000,1.720,120.000,0.000
1.7400000000000013,0.00,62.04271311002215,0.00,61.51067740399851,0.000,0.020,-0.209,-0.078,false,0.000,0.000,0.000,0.000,134.361,-36.000,0.000,0.000,0.000,1.730,120.000,0.000
1.7500000000000013,0.00,62.02374621268568,0.00,61.52264587211941,0.000,0.019,-0.210,-0.053,false,0.000,0.000,0.000,0.000,135.561,-36.000,0.000,0.000,0.000,1.740,120.000,0.000
1.7600000000000013,0.00,62.00544243726065,0.00,61.53432316340451,0.000,0.018,-0.211,-0.030,false,0.000,0.000,0.000,0.000,136.761,-36.000,0.000,0.000,0.000,1.750,120.000,0.000
1.7700000000000014,0.00,61.987790889646945,0.00,61.54569961577399,0.000,0.017,-0.211,-0.009,false,0.000,0.000,0.000,0.000,137.961,-36.000,0.000,0.000,0.000,1.760,120.000,0.000
1.7800000000000014,0.00,61.97078048168436,0.00,61.55676713880379,0.000,0.016,-0.211,0.011,false,0.000,0.000,0.000,0.000,139.161,-36.000,0.000,0.000,0.000,1.770,120.000,0.000
1.7900000000000014,0.00,61.9543999309562,0.00,61.567519098980284,0.000,0.015,-0.211,0.030,false,0.000,0.000,0.000,0.000,140.361,-36.000,0.000,0.000,0.000,1.780,120.000,0.000
1.8000000000000014,0.00,61.93863776368705,0.00,61.57795021183988,0.000,0.014,-0.210,0.048,false,0.000,0.000,0.000,0.000,141.561,-36.000,0.000,0.000,0.000,1.790,120.000,0.000
1.8100000000000014,0.00,61.92348232035658,0.00,61.58805644062235,0.000,0.014,-0.209,0.065,false,0.000,0.000,0.000,0.000,142.761,-36.000,0.000,0.000,0.000,1.800,120.000,0.000
1.8200000000000014,0.00,61.908921763687935,0.00,61.59783490106329,0.000,0.013,-0.207,0.080,false,0.000,0.000,0.000,0.000,143.961,-36.000,0.000,0.000,0.000,1.810,120.000,0.000
1.8300000000000014,0.00,61.89494408868509,0.00,61.60728377198857,0.000,0.012,-0.206,0.094,false,0.000,0.000,0.000,0.000,145.161,-36.000,0.000,0.000,0.000,1.820,120.000,0.000
1.8400000000000014,0.00,61.88153713442219,0.00,61.616402211371444,0.000,0.011,-0.203,0.107,false,0.000,0.000,0.000,0.000,146.361,-36.000,0.000,0.000,0.000,1.830,120.000,0.000
1.8500000000000014,0.00,61.86868859730477,0.00,61.62519027754204,0.000,0.011,-0.201,0.120,false,0.000,0.000,0.000,0.000,147.561,-36.000,0.000,0.000,0.000,1.840,120.000,0.000
1.8600000000000014,0.00,61.85638604554878,0.00,61.63364885525048,0.000,0.010,-0.198,0.131,false,0.000,0.000,0.000,0.000,148.761,-36.000,0.000,0.000,0.000,1.850,120.000,0.000
1.8700000000000014,0.00,61.84461693464282,0.00,61.6417795862994,0.000,0.010,-0.196,0.141,false,0.000,0.000,0.000,0.000,149.961,-36.000,0.000,0.000,0.000,1.860,120.000,0.000
1.8800000000000014,0.00,61.833368623574756,0.00,61.649584804479744,0.000,0.009,-0.193,0.150,false,0.000,0.000,0.000,0.000,151.161,-36.000,0.000,0.000,0.000,1.870,120.000,0.000
1.8900000000000015,0.00,61.822628391631966,0.00,61.65706747455422,0.000,0.009,-0.189,0.159,false,0.000,0.000,0.000,0.000,152.361,-36.000,0.000,0.000,0.000,1.880,120.000,0.000
1.9000000000000015,0.00,61.812383455589206,0.00,61.66423113505162,0.000,0.008,-0.186,0.166,false,0.000,0.000,0.000,0.000,153.561,-36.000,0.000,0.000,0.000,1.890,120.000,0.000
1.9100000000000015,0.00,61.80262098713102,0.00,61.671079844643664,0.000,0.008,-0.182,0.173,false,0.000,0.000,0.000,0.000,154.761,-36.000,0.000,0.000,0.000,1.900,120.000,0.000
1.9200000000000015,0.00,61.79332813035257,0.00,61.67761813189326,0.000,0.007,-0.179,0.179,false,0.000,0.000,0.000,0.000,155.961,-36.000,0.000,0.000,0.000,1.910,120.000,0.000
1.9300000000000015,0.00,61.78449201921452,0.00,61.68385094817842,0.000,0.007,-0.175,0.184,false,0.000,0.000,0.000,0.000,157.161,-36.000,0.000,0.000,0.000,1.920,120.000,0.000
1.9400000000000015,0.00,61.77609979483676,0.00,61.68978362359062,0.000,0.006,-0.171,0.189,false,0.000,0.000,0.000,0.000,158.361,-36.000,0.000,0.000,0.000,1.930,120.000,0.000
1.9500000000000015,0.00,61.768138622520176,0.00,61.695421825648175,0.000,0.006,-0.167,0.193,false,0.000,0.000,0.000,0.000,159.561,-36.000,0.000,0.000,0.000,1.940,120.000,0.000
1.9600000000000015,0.00,61.760595708416425,0.00,61.70077152064176,0.000,0.006,-0.163,0.196,false,0.000,0.000,0.000,0.000,160.761,-36.000,0.000,0.000,0.000,1.950,120.000,0.000
1.9700000000000015,0.00,61.75345831575441,0.00,61.705838937469096,0.000,0.005,-0.159,0.199,false,0.000,0.000,0.000,0.000,161.961,-36.000,0.000,0.000,0.000,1.960,120.000,0.000
1.9800000000000015,0.00,61.74671378056704,0.00,61.7106305338034,0.000,0.005,-0.155,0.201,false,0.000,0.000,0.000,0.000,163.161,-36.000,0.000,0.000,0.000,1.970,120.000,0.000
1.9900000000000015,0.00,61.74034952684476,0.00,61.71515296446885,0.000,0.005,-0.150,0.203,false,0.000,0.000,0.000,0.000,164.361,-36.000,0.000,0.000,0.000,1.980,120.000,0.000
2.0000000000000013,0.00,61.734353081081736,0.00,61.71941305188656,0.000,0.004,-0.146,0.204,false,0.000,0.000,0.000,0.000,165.561,-36.000,0.000,0.000,0.000,1.990,120.000,0.000
2.010000000000001,0.00,61.72871208617997,0.00,61.72341775845693,0.000,0.004,-0.142,0.205,false,0.000,0.000,0.000,0.000,166.761,-36.000,0.000,0.000,0.000,2.000,120.000,0.000
2.020000000000001,0.00,61.723414314655244,0.00,61.72717416079476,0.000,0.004,-0.137,0.205,false,0.000,0.000,0.000,0.000,167.961,-36.000,0.000,0.000,0.000,2.010,120.000,0.000
2.0300000000000007,0.00,61.71844768109698,0.00,61.7306894257351,0.000,0.004,-0.133,0.205,false,0.000,0.000,0.000,0.000,169.161,-36.000,0.000,0.000,0.000,2.020,120.000,0.000
2.0400000000000005,0.00,61.71380025399702,0.00,61.733970787871414,0.000,0.003,-0.129,0.204,false,0.000,0.000,0.000,0.000,170.361,-36.000,0.000,0.000,0.000,2.030,120.000,0.000
2.0500000000000003,0.00,61.709460266720384,0.00,61.73702552875135,0.000,0.003,-0.125,0.203,false,0.000,0.000,0.000,0.000,171.561,-36.000,0.000,0.000,0.000,2.040,120.000,0.000
2.06,0.00,61.705416127795765,0.00,61.739860957462255,0.000,0.003,-0.120,0.202,false,0.000,0.000,0.000,0.000,172.761,-36.000,0.000,0.000,0.000,2.050,120.000,0.000
2.07,0.00,61.70165643042546,0.00,61.74248439261409,0.000,0.003,-0.116,0.200,false,0.000,0.000,0.000,0.000,173.961,-36.000,0.000,0.000,0.000,2.060,120.000,0.000
2.0799999999999996,0.00,61.69816996126326,0.00,61.744903145603246,0.000,0.003,-0.112,0.198,false,0.000,0.000,0.000,0.000,175.161,-36.000,0.000,0.000,0.000,2.070,120.000,0.000
2.0899999999999994,0.00,61.6949457084329,0.00,61.74712450512013,0.000,0.002,-0.108,0.196,false,0.000,0.000,0.000,0.000,176.361,-36.000,0.000,0.000,0.000,2.080,120.000,0.000
2.099999999999999,0.00,61.69197286882109,0.00,61.74915572280339,0.000,0.002,-0.104,0.194,false,0.000,0.000,0.000,0.000,177.561,-36.000,0.000,0.000,0.000,2.090,120.000,0.000
2.109999999999999,0.00,61.68924085463316,0.00,61.75100400000705,0.000,0.002,-0.100,0.191,false,0.000,0.000,0.000,0.000,178.761,-36.000,0.000,0.000,0.000,2.100,120.000,0.000
2.1199999999999988,0.00,61.530540665129145,0.00,61.596309271835494,0.000,0.002,-0.096,0.188,false,0.000,0.000,0.000,0.000,179.961,-36.000,0.000,0.000,0.000,2.110,119.699,-94.834
2.1299999999999986,0.00,61.02634016539798,0.00,61.09529340427041,0.000,-0.003,-0.092,0.185,false,0.000,0.000,0.000,0.000,181.153,-36.000,0.000,0.000,0.000,2.120,118.751,-94.834
2.1399999999999983,0.00,60.43922356200011,0.00,60.51081450901918,0.000,-0.008,-0.088,0.182,false,0.000,0.000,0.000,0.000,182.335,-36.000,0.000,0.000,0.000,2.130,117.641,-120.000
2.149999999999998,0.00,59.80468460646375,0.00,59.87842736908679,0.000,-0.014,-0.084,0.179,false,0.000,0.000,0.000,0.000,183.506,-36.000,0.000,0.000,0.000,2.140,116.441,-120.000
2.159999999999998,0.00,59.17163236006754,0.00,59.24713191910749,0.000,-0.019,-0.081,0.176,false,0.000,0.000,0.000,0.000,184.664,-36.000,0.000,0.000,0.000,2.150,115.241,-120.000
2.1699999999999977,0.00,58.53994655820606,0.00,58.61684138571831,0.000,-0.024,-0.077,0.172,false,0.000,0.000,0.000,0.000,185.811,-36.000,0.000,0.000,0.000,2.160,114.041,-120.000
2.1799999999999975,0.00,57.90951701368439,0.00,57.98747686520482,0.000,-0.029,-0.074,0.169,false,0.000,0.000,0.000,0.000,186.945,-36.000,0.000,0.000,0.000,2.170,112.841,-120.000
2.1899999999999973,0.00,57.2802427456288,0.00,57.358966567830954,0.000,-0.033,-0.071,0.165,false,0.000,0.000,0.000,0.000,188.068,-36.000,0.000,0.000,0.000,2.180,111.641,-120.000
2.199999999999997,0.00,56.652031187550534,0.00,56.73124513756612,0.000,-0.037,-0.068,0.161,false,0.000,0.000,0.000,0.000,189.178,-36.000,0.000,0.000,0.000,2.190,110.441,-120.000
2.209999999999997,0.00,56.02479746697838,0.00,56.104253039518476,0.000,-0.041,-0.064,0.158,false,0.000,0.000,0.000,0.000,190.276,-36.000,0.000,0.000,0.000,2.200,109.241,-120.000
2.2199999999999966,0.00,55.39846374984689,0.00,55.4779360081848,0.000,-0.045,-0.061,0.154,false,0.000,0.000,0.000,0.000,191.363,-36.000,0.000,0.000,0.000,2.210,108.041,-120.000
2.2299999999999964,0.00,54.772958643507636,0.00,54.852244550333076,0.000,-0.048,-0.059,0.151,false,0.000,0.000,0.000,0.000,192.437,-36.000,0.000,0.000,0.000,2.220,106.841,-120.000
2.239999999999996,0.00,54.14821665284339,0.00,54.2271334969981,0.000,-0.052,-0.056,0.147,false,0.000,0.000,0.000,0.000,193.500,-36.000,0.000,0.000,0.000,2.230,105.641,-120.000
2.249999999999996,0.00,53.52417768451912,0.00,53.602561599612265,0.000,-0.055,-0.053,0.143,false,0.000,0.000,0.000,0.000,194.550,-36.000,0.000,0.000,0.000,2.240,104.441,-120.000
2.259999999999996,0.00,52.90078659489826,0.00,52.97849116582851,0.000,-0.058,-0.051,0.140,false,0.000,0.000,0.000,0.000,195.588,-36.000,0.000,0.000,0.000,2.250,103.241,-120.000
2.2699999999999956,0.00,52.27799277758161,0.00,52.354887731040655,0.000,-0.061,-0.048,0.136,false,0.000,0.000,0.000,0.000,196.615,-36.000,0.000,0.000,0.000,2.260,102.041,-120.000
2.2799999999999954,0.00,51.65574978693339,0.00,51.73171976201416,0.000,-0.064,-0.046,0.133,false,0.000,0.000,0.000,0.000,197.629,-36.000,0.000,0.000,0.000,2.270,100.841,-120.000
2.289999999999995,0.00,51.034014994301145,0.00,51.10895838941635,0.000,-0.067,-0.043,0.129,false,0.000,0.000,0.000,0.000,198.632,-36.000,0.000,0.000,0.000,2.280,99.641,-120.000
2.299999999999995,0.00,50.412749273964344,0.00,50.48657716635812,0.000,-0.069,-0.041,0.126,false,0.000,0.000,0.000,0.000,199.622,-36.000,0.000,0.000,0.000,2.290,98.441,-120.000
2.3099999999999947,0.00,49.791916716119516,0.00,49.86455185035453,0.000,-0.072,-0.039,0.122,false,0.000,0.000,0.000,0.000,200.600,-36.000,0.000,0.000,0.000,2.300,97.241,-120.000
2.3199999999999945,0.00,49.17148436448674,0.00,49.24286020637002,0.000,-0.074,-0.037,0.119,false,0.000,0.000,0.000,0.000,201.567,-36.000,0.000,0.000,0.000,2.310,96.041,-120.000
2.3299999999999943,0.00,48.55142197632887,0.00,48.6214818288626,0.000,-0.077,-0.035,0.116,false,0.000,0.000,0.000,0.000,202.521,-36.000,0.000,0.000,0.000,2.320,94.841,-120.000
2.339999999999994,0.00,47.931701802889215,0.00,48.00039798095184,0.000,-0.079,-0.033,0.113,false,0.000,0.000,0.000,0.000,203.464,-36.000,0.000,0.000,0.000,2.330,93.641,-120.000
2.349999999999994,0.00,47.31229838846053,0.00,47.379591449007854,0.000,-0.081,-0.031,0.109,false,0.000,0.000,0.000,0.000,204.394,-36.000,0.000,0.000,0.000,2.340,92.441,-120.000
2.3599999999999937,0.00,46.69318838643018,0.00,46.759046411158806,0.000,-0.084,-0.030,0.106,false,0.000,0.000,0.000,0.000,205.313,-36.000,0.000,0.000,0.000,2.350,91.241,-120.000
2.3699999999999934,0.00,46.0743503908334,0.00,46.13874831833862,0.000,-0.086,-0.028,0.103,false,0.000,0.000,0.000,0.000,206.219,-36.000,0.000,0.000,0.000,2.360,90.041,-120.000
2.3799999999999932,0.00,45.45576478206256,0.00,45.51868378665387,0.000,-0.088,-0.026,0.100,false,0.000,0.000,0.000,0.000,207.113,-36.000,0.000,0.000,0.000,2.370,88.841,-120.000
2.389999999999993,0.00,44.837413585501814,0.00,44.89884049997054,0.000,-0.090,-0.025,0.097,false,0.000,0.000,0.000,0.000,207.996,-36.000,0.000,0.000,0.000,2.380,87.641,-120.000
2.399999999999993,0.00,44.21928034198956,0.00,44.27920712171672,0.000,-0.092,-0.023,0.095,false,0.000,0.000,0.000,0.000,208.866,-36.000,0.000,0.000,0.000,2.390,86.441,-120.000
2.4099999999999926,0.00,43.601349989086245,0.00,43.659773215019506,0.000,-0.094,-0.022,0.092,false,0.000,0.000,0.000,0.000,209.725,-36.000,0.000,0.000,0.000,2.400,85.241,-120.000
2.4199999999999924,0.00,42.98360875223895,0.00,43.040529170360024,0.000,-0.096,-0.021,0.089,false,0.000,0.000,0.000,0.000,210.571,-36.000,0.000,0.000,0.000,2.410,84.041,-120.000
2.429999999999992,0.00,42.366044044996464,0.00,42.42146614003722,0.000,-0.098,-0.019,0.087,false,0.000,0.000,0.000,0.000,211.405,-36.000,0.000,0.000,0.000,2.420,82.841,-120.000
2.439999999999992,0.00,41.748644377520556,0.00,41.8025759787775,0.000,-0.100,-0.018,0.084,false,0.000,0.000,0.000,0.000,212.228,-36.000,0.000,0.000,0.000,2.430,81.641,-120.000
2.4499999999999917,0.00,41.131399272693294,0.00,41.18385118991699,0.000,-0.102,-0.017,0.082,false,0.000,0.000,0.000,0.000,213.038,-36.000,0.000,0.000,0.000,2.440,80.441,-120.000
2.4599999999999915,0.00,40.514299189201935,0.00,40.565284876608246,0.000,-0.104,-0.016,0.079,false,0.000,0.000,0.000,0.000,213.837,-36.000,0.000,0.000,0.000,2.450,79.241,-120.000
2.4699999999999913,0.00,39.89733545100549,0.00,39.946870697604325,0.000,-0.106,-0.015,0.077,false,0.000,0.000,0.000,0.000,214.623,-36.000,0.000,0.000,0.000,2.460,78.041,-120.000
2.479999999999991,0.00,39.28050018267129,0.00,39.328602827171814,0.000,-0.107,-0.014,0.075,false,0.000,0.000,0.000,0.000,215.398,-36.000,0.000,0.000,0.000,2.470,76.841,-120.000
2.489999999999991,0.00,38.66378625010435,0.00,38.710475918753495,0.000,-0.109,-0.013,0.072,false,0.000,0.000,0.000,0.000,216.160,-36.000,0.000,0.000,0.000,2.480,75.641,-120.000
2.4999999999999907,0.00,38.047187206220855,0.00,38.09248507203837,0.000,-0.111,-0.012,0.070,false,0.000,0.000,0.000,0.000,216.910,-36.000,0.000,0.000,0.000,2.490,74.441,-120.000
2.5099999999999905,0.00,37.43069724117492,0.00,37.4746258031242,0.000,-0.113,-0.011,0.068,false,0.000,0.000,0.000,0.000,217.649,-36.000,0.000,0.000,0.000,2.500,73.241,-120.000
2.5199999999999902,0.00,36.814311136773554,0.00,36.85689401748934,0.000,-0.115,-0.010,0.066,false,0.000,0.000,0.000,0.000,218.375,-36.000,0.000,0.000,0.000,2.510,72.041,-120.000
2.52999999999999,0.00,36.198024224743584,0.00,36.239285985527715,0.000,-0.117,-0.009,0.064,false,0.000,0.000,0.000,0.000,219.090,-36.000,0.000,0.000,0.000,2.520,70.841,-120.000
2.53999999999999,0.00,35.5818323485509,0.00,35.621798320410434,0.000,-0.118,-0.009,0.062,false,0.000,0.000,0.000,0.000,219.792,-36.000,0.000,0.000,0.000,2.530,69.641,-120.000
2.5499999999999896,0.00,34.9657318284878,0.00,35.00442795808217,0.000,-0.120,-0.008,0.061,false,0.000,0.000,0.000,0.000,220.482,-36.000,0.000,0.000,0.000,2.540,68.441,-120.000
2.5599999999999894,0.00,34.349719429785964,0.00,34.387172139191875,0.000,-0.122,-0.007,0.059,false,0.000,0.000,0.000,0.000,221.161,-36.000,0.000,0.000,0.000,2.550,67.241,-120.000
2.569999999999989,0.00,33.73379233351345,0.00,33.77002839280589,0.000,-0.124,-0.006,0.057,false,0.000,0.000,0.000,0.000,221.827,-36.000,0.000,0.000,0.000,2.560,66.041,-120.000
2.579999999999989,0.00,33.11794811004608,0.00,33.15299452174932,0.000,-0.126,-0.006,0.055,false,0.000,0.000,0.000,0.000,222.482,-36.000,0.000,0.000,0.000,2.570,64.841,-120.000
2.5899999999999888,0.00,32.50218469492493,0.00,32.53606858944191,0.000,-0.128,-0.005,0.054,false,0.000,0.000,0.000,0.000,223.124,-36.000,0.000,0.000,0.000,2.580,63.641,-120.000
2.5999999999999885,0.00,31.886500366915588,0.00,31.919248908111836,0.000,-0.130,-0.005,0.052,false,0.000,0.000,0.000,0.000,223.754,-36.000,0.000,0.000,0.000,2.590,62.441,-120.000
2.6099999999999883,0.00,31.270893728119717,0.00,31.30253402827206,0.000,-0.132,-0.004,0.051,false,0.000,0.000,0.000,0.000,224.373,-36.000,0.000,0.000,0.000,2.600,61.241,-120.000
2.619999999999988,0.00,30.655363685977772,0.00,30.685922729375044,0.000,-0.134,-0.003,0.049,false,0.000,0.000,0.000,0.000,224.979,-36.000,0.000,0.000,0.000,2.610,60.041,-120.000
2.629999999999988,0.00,30.0399094370422,0.00,30.069414011547796,0.000,-0.136,-0.003,0.048,false,0.000,0.000,0.000,0.000,225.574,-36.000,0.000,0.000,0.000,2.620,58.841,-120.000
2.6399999999999877,0.00,29.424530452391004,0.00,29.453007088338115,0.000,-0.138,-0.002,0.047,false,0.000,0.000,0.000,0.000,226.156,-36.000,0.000,0.000,0.000,2.630,57.641,-120.000
2.6499999999999875,0.00,28.80922646457425,0.00,28.83670138040226,0.000,-0.140,-0.002,0.045,false,0.000,0.000,0.000,0.000,226.727,-36.000,0.000,0.000,0.000,2.640,56.441,-120.000
2.6599999999999873,0.00,28.19399745598998,0.00,28.220496510071918,0.000,-0.142,-0.002,0.044,false,0.000,0.000,0.000,0.000,227.285,-36.000,0.000,0.000,0.000,2.650,55.241,-120.000
2.669999999999987,0.00,27.57884364860521,0.00,27.604392296744845,0.000,-0.144,-0.001,0.043,false,0.000,0.000,0.000,0.000,227.831,-36.000,0.000,0.000,0.000,2.660,54.041,-120.000
2.679999999999987,0.00,26.963765494927166,0.00,26.98838875306021,0.000,-0.146,-0.001,0.042,false,0.000,0.000,0.000,0.000,228.366,-36.000,0.000,0.000,0.000,2.670,52.841,-120.000
2.6899999999999866,0.00,26.348763670160512,0.00,26.372486081807754,0.000,-0.148,-0.000,0.040,false,0.000,0.000,0.000,0.000,228.888,-36.000,0.000,0.000,0.000,2.680,51.641,-120.000
2.6999999999999864,0.00,25.73383906548402,0.00,25.756684673535055,0.000,-0.150,-0.000,0.039,false,0.000,0.000,0.000,0.000,229.399,-36.000,0.000,0.000,0.000,2.690,50.441,-120.000
2.709999999999986,0.00,25.118992782372466,0.00,25.14098510483407,0.000,-0.152,0.000,0.038,false,0.000,0.000,0.000,0.000,229.897,-36.000,0.000,0.000,0.000,2.700,49.241,-120.000
2.719999999999986,0.00,24.504226127926238,0.00,24.525388137263935,0.000,-0.154,0.001,0.037,false,0.000,0.000,0.000,0.000,230.383,-36.000,0.000,0.000,0.000,2.710,48.041,-120.000
2.7299999999999858,0.00,23.88954061114989,0.00,23.909894716900713,0.000,-0.157,0.001,0.036,false,0.000,0.000,0.000,0.000,230.858,-36.000,0.000,0.000,0.000,2.720,46.841,-120.000
2.7399999999999856,0.00,23.27493794014479,0.00,23.294505974484725,0.000,-0.159,0.001,0.035,false,0.000,0.000,0.000,0.000,231.320,-36.000,0.000,0.000,0.000,2.730,45.641,-120.000
2.7499999999999853,0.00,22.660420020168957,0.00,22.67922322616378,0.000,-0.161,0.001,0.035,false,0.000,0.000,0.000,0.000,231.771,-36.000,0.000,0.000,0.000,2.740,44.441,-120.000
2.759999999999985,0.00,22.04598895254369,0.00,22.06404797480725,0.000,-0.164,0.002,0.034,false,0.000,0.000,0.000,0.000,232.209,-36.000,0.000,0.000,0.000,2.750,43.241,-120.000
2.769999999999985,0.00,21.43164703436871,0.00,21.44898191189499,0.000,-0.166,0.002,0.033,false,0.000,0.000,0.000,0.000,232.636,-36.000,0.000,0.000,0.000,2.760,42.041,-120.000
2.7799999999999847,0.00,20.81739675902954,0.00,20.834026919970373,0.000,-0.169,0.002,0.032,false,0.000,0.000,0.000,0.000,233.050,-36.000,0.000,0.000,0.000,2.770,40.841,-120.000
2.7899999999999845,0.00,20.20324081747605,0.00,20.219185075655854,0.000,-0.171,0.002,0.031,false,0.000,0.000,0.000,0.000,233.452,-36.000,0.000,0.000,0.000,2.780,39.641,-120.000
2.7999999999999843,0.00,19.589182100258416,0.00,19.604458653233493,0.000,-0.174,0.003,0.031,false,0.000,0.000,0.000,0.000,233.843,-36.000,0.000,0.000,0.000,2.790,38.441,-120.000
2.809999999999984,0.00,18.975223700304426,0.00,18.989850128798054,0.000,-0.176,0.003,0.030,false,0.000,0.000,0.000,0.000,234.221,-36.000,0.000,0.000,0.000,2.800,37.241,-120.000
2.819999999999984,0.00,18.36136891644348,0.00,18.37536218497918,0.000,-0.179,0.003,0.029,false,0.000,0.000,0.000,0.000,234.588,-36.000,0.000,0.000,0.000,2.810,36.041,-120.000
2.8299999999999836,0.00,17.747621257658743,0.00,17.760997716254376,0.000,-0.182,0.003,0.029,false,0.000,0.000,0.000,0.000,234.942,-36.000,0.000,0.000,0.000,2.820,34.841,-120.000
2.8399999999999834,0.00,17.13398444807604,0.00,17.146759834859285,0.000,-0.185,0.003,0.028,false,0.000,0.000,0.000,0.000,235.284,-36.000,0.000,0.000,0.000,2.830,33.641,-120.000
2.849999999999983,0.00,16.52046243269525,0.00,16.532651877306197,0.000,-0.188,0.004,0.027,false,0.000,0.000,0.000,0.000,235.615,-36.000,0.000,0.000,0.000,2.840,32.441,-120.000
2.859999999999983,0.00,15.90705938386359,0.00,15.918677411537425,0.000,-0.191,0.004,0.027,false,0.000,0.000,0.000,0.000,235.933,-36.000,0.000,0.000,0.000,2.850,31.241,-120.000
2.869999999999983,0.00,15.293779708508874,0.00,15.304840244724693,0.000,-0.194,0.004,0.026,false,0.000,0.000,0.000,0.000,236.240,-36.000,0.000,0.000,0.000,2.860,30.041,-120.000
2.8799999999999826,0.00,14.680628056142563,0.00,14.69114443174361,0.000,-0.197,0.004,0.026,false,0.000,0.000,0.000,0.000,236.534,-36.000,0.000,0.000,0.000,2.870,28.841,-120.000
2.8899999999999824,0.00,14.067609327649723,0.00,14.077594284348182,0.000,-0.200,0.004,0.025,false,0.000,0.000,0.000,0.000,236.816,-36.000,0.000,0.000,0.000,2.880,27.641,-120.000
2.899999999999982,0.00,13.45472868489104,0.00,13.464194381070742,0.000,-0.203,0.004,0.025,false,0.000,0.000,0.000,0.000,237.087,-36.000,0.000,0.000,0.000,2.890,26.441,-120.000
2.909999999999982,0.00,12.841991561137744,0.00,12.850949577881295,0.000,-0.206,0.004,0.024,false,0.000,0.000,0.000,0.000,237.345,-36.000,0.000,0.000,0.000,2.900,25.241,-120.000
2.9199999999999817,0.00,12.229403672368203,0.00,12.237865019643142,0.000,-0.210,0.004,0.024,false,0.000,0.000,0.000,0.000,237.592,-36.000,0.000,0.000,0.000,2.910,24.041,-120.000
2.9299999999999815,0.00,11.616971029458782,0.00,11.62494615239971,0.000,-0.213,0.005,0.024,false,0.000,0.000,0.000,0.000,237.826,-36.000,0.000,0.000,0.000,2.920,22.841,-120.000
2.9399999999999813,0.00,11.004699951306508,0.00,11.012198736533099,0.000,-0.217,0.005,0.023,false,0.000,0.000,0.000,0.000,238.049,-36.000,0.000,0.000,0.000,2.930,21.641,-120.000
2.949999999999981,0.00,10.392597078917772,0.00,10.399628860846253,0.000,-0.220,0.005,0.023,false,0.000,0.000,0.000,0.000,238.259,-36.000,0.000,0.000,0.000,2.940,20.441,-120.000
2.959999999999981,0.00,9.780669390515834,0.00,9.787242957606388,0.000,-0.224,0.005,0.023,false,0.000,0.000,0.000,0.000,238.457,-36.000,0.000,0.000,0.000,2.950,19.241,-120.000
2.9699999999999807,0.00,9.168924217706296,0.00,9.175047818613464,0.000,-0.228,0.005,0.022,false,0.000,0.000,0.000,0.000,238.644,-36.000,0.000,0.000,0.000,2.960,18.041,-120.000
2.9799999999999804,0.00,8.557369262758208,0.00,8.563050612344325,0.000,-0.232,0.005,0.022,false,0.000,0.000,0.000,0.000,238.818,-36.000,0.000,0.000,0.000,2.970,16.841,-120.000
2.9899999999999802,0.00,7.9460126170579315,0.00,7.951258902235434,0.000,-0.236,0.005,0.022,false,0.000,0.000,0.000,0.000,238.981,-36.000,0.000,0.000,0.000,2.980,15.641,-120.000
2.99999999999998,0.00,7.334862780798808,0.00,7.339680666169016,0.000,-0.240,0.005,0.021,false,0.000,0.000,0.000,0.000,239.131,-36.000,0.000,0.000,0.000,2.990,14.441,-120.000
3.00999999999998,0.00,6.723928683969553,0.00,6.728324317238542,0.000,-0.244,0.005,0.021,false,0.000,0.000,0.000,0.000,239.269,-36.000,0.000,0.000,0.000,3.000,13.241,-120.000
3.0199999999999796,0.00,6.113219708723357,0.00,6.117198725862197,0.000,-0.249,0.005,0.021,false,0.000,0.000,0.000,0.000,239.396,-36.000,0.000,0.000,0.000,3.010,12.041,-120.000
3.0299999999999794,0.00,5.5027457131992605,0.00,5.506313243333451,0.000,-0.253,0.005,0.021,false,0.000,0.000,0.000,0.000,239.510,-36.000,0.000,0.000,0.000,3.020,10.841,-120.000
3.039999999999979,0.00,4.892517056884181,0.00,4.895677726894468,0.000,-0.258,0.005,0.021,false,0.000,0.000,0.000,0.000,239.613,-36.000,0.000,0.000,0.000,3.030,9.641,-120.000
3.049999999999979,0.00,4.2825446276090995,0.00,4.285302566426108,0.000,-0.263,0.005,0.021,false,0.000,0.000,0.000,0.000,239.703,-36.000,0.000,0.000,0.000,3.040,8.441,-120.000
3.0599999999999787,0.00,3.672839870277913,0.00,3.6751987128573043,0.000,-0.267,0.005,0.020,false,0.000,0.000,0.000,0.000,239.782,-36.000,0.000,0.000,0.000,3.050,7.241,-120.000
3.0699999999999785,0.00,3.0634148174342073,0.00,3.0653777084042155,0.000,-0.272,0.005,0.020,false,0.000,0.000,0.000,0.000,239.848,-36.000,0.000,0.000,0.000,3.060,6.041,-120.000
3.0799999999999783,0.00,2.4542821217836504,0.00,2.455851718754687,0.000,-0.278,0.005,0.020,false,0.000,0.000,0.000,0.000,239.902,-36.000,0.000,0.000,0.000,3.070,4.841,-120.000
3.089999999999978,0.00,1.8454550907946583,0.00,1.8466335673245546,0.000,-0.283,0.005,0.020,false,0.000,0.000,0.000,0.000,239.945,-36.000,0.000,0.000,0.000,3.080,3.641,-120.000
3.099999999999978,0.00,1.2369477235105484,0.00,1.2377367717209347,0.000,-0.288,0.005,0.020,false,0.000,0.000,0.000,0.000,239.975,-36.000,0.000,0.000,0.000,3.090,2.441,-120.000
3.1099999999999777,0.00,0.6287747497157615,0.00,0.6291755825581328,0.000,-0.294,0.005,0.020,false,0.000,0.000,0.000,0.000,239.994,-36.000,0.000,0.000,0.000,3.100,1.241,-120.000
3.1199999999999775,0.00,0.020951671611037087,0.00,0.020965024780595875,0.000,-0.300,0.005,0.020,false,0.000,0.000,0.000,0.000,240.000,-36.000,0.000,0.000,0.000,3.110,0.041,-120.000
3.1299999999999772,0.00,0.0,0.00,0.0,0.000,-0.300,0.005,0.020,false,0.000,0.000,0.000,0.000,240.000,-36.000,0.000,0.000,0.000,3.110,0.000,-120.000